0 0.643359375 1 0.666796875 0.953125 0.6609375 0.8999999999999999 0.608984375 0.8796876899038462 0.26054677884615385 0.8328126899038462 0.240234375 0.8843749999999999 0.258984375 0.9609375 0.47773437500000004 1 0.643359375 1
0 0.3701923076923077 0.7884615384615384 0.43990384615384615 0.16105769230769232
0 0.4423076923076923 0.6754807692307693 0.41346153846153844 0.13701923076923078
0 0.6754807692307693 0.6322115384615384 0.08173076923076923 0.11538461538461539
0 0.4879807692307692 0.5504807692307693 0.38221153846153844 0.13942307692307693
0 0.37740384615384615 0.5024038461538461 0.3870192307692308 0.13701923076923078
0 0.5144230769230769 0.4519230769230769 0.37740384615384615 0.11538461538461539
0 0.3894230769230769 0.35336538461538464 0.39663461538461536 0.15384615384615385
0 0.4230769230769231 0.23798076923076922 0.38221153846153844 0.15865384615384615
0 0.6274038461538461 0.31490384615384615 0.16346153846153846 0.13942307692307693
0 0.4375 0.10096153846153846 0.4254807692307692 0.19951923076923078