0 0.2860576923076923 0.15865384615384615 0.33413461538461536 0.2980769230769231
0 0.30528846153846156 0.39903846153846156 0.31971153846153844 0.25721153846153844
0 0.2692307692307692 0.6442307692307693 0.34615384615384615 0.23798076923076922
0 0.5649038461538461 0.21634615384615385 0.3076923076923077 0.2548076923076923
0 0.5793269230769231 0.43990384615384615 0.2620192307692308 0.21634615384615385
0 0.5697115384615384 0.6490384615384616 0.28365384615384615 0.23557692307692307
0 0.5841346153846154 0.8629807692307693 0.2620192307692308 0.2091346153846154
0 0.8004807692307693 0.2932692307692308 0.21394230769230768 0.2091346153846154
0 0.8004807692307693 0.47115384615384615 0.22355769230769232 0.19951923076923078
0 0.7956730769230769 0.6538461538461539 0.2403846153846154 0.20432692307692307
0 0.8004807692307693 0.8509615384615384 0.2283653846153846 0.18509615384615385
0 0.3245192307692308 0.8725961538461539 0.31971153846153844 0.23317307692307693