0 0.15865384615384615 0.7139423076923077 0.2980769230769231 0.33413461538461536
0 0.39903846153846156 0.6947115384615384 0.25721153846153844 0.31971153846153844
0 0.6442307692307693 0.7307692307692307 0.23798076923076922 0.34615384615384615
0 0.21634615384615385 0.43509615384615385 0.2548076923076923 0.3076923076923077
0 0.43990384615384615 0.4206730769230769 0.21634615384615385 0.2620192307692308
0 0.6490384615384616 0.43028846153846156 0.23557692307692307 0.28365384615384615
0 0.8629807692307693 0.41586538461538464 0.2091346153846154 0.2620192307692308
0 0.2932692307692308 0.19951923076923078 0.2091346153846154 0.21394230769230768
0 0.47115384615384615 0.19951923076923078 0.19951923076923078 0.22355769230769232
0 0.6538461538461539 0.20432692307692307 0.20432692307692307 0.2403846153846154
0 0.8509615384615384 0.19951923076923078 0.18509615384615385 0.2283653846153846
0 0.8725961538461539 0.6754807692307693 0.23317307692307693 0.31971153846153844