0 0.1658653846153846 0.6899038461538461 0.27163461538461536 0.3125
0 0.8605769230769231 0.6826923076923077 0.2764423076923077 0.3245192307692308
0 0.7620192307692307 0.8413461538461539 0.14182692307692307 0.05048076923076923
0 0.6201923076923077 0.8605769230769231 0.13942307692307693 0.055288461538461536
0 0.6298076923076923 0.6754807692307693 0.25240384615384615 0.3125
0 0.3870192307692308 0.7307692307692307 0.25961538461538464 0.34134615384615385
0 0.8341346153846154 0.40865384615384615 0.25 0.3004807692307692
0 0.6201923076923077 0.41586538461538464 0.21875 0.28125
0 0.4014423076923077 0.4206730769230769 0.23076923076923078 0.27884615384615385
0 0.18990384615384615 0.4254807692307692 0.23076923076923078 0.27403846153846156
0 0.7956730769230769 0.17067307692307693 0.20673076923076922 0.2091346153846154
0 0.6105769230769231 0.18269230769230768 0.19471153846153846 0.23076923076923078
0 0.41586538461538464 0.18509615384615385 0.19951923076923078 0.23557692307692307
0 0.2283653846153846 0.1971153846153846 0.19951923076923078 0.22355769230769232