0 0.6899038461538461 0.8341346153846154 0.3125 0.27163461538461536
0 0.6826923076923077 0.13942307692307693 0.3245192307692308 0.2764423076923077
0 0.8413461538461539 0.23798076923076922 0.05048076923076923 0.14182692307692307
0 0.8605769230769231 0.3798076923076923 0.055288461538461536 0.13942307692307693
0 0.6754807692307693 0.3701923076923077 0.3125 0.25240384615384615
0 0.7307692307692307 0.6129807692307693 0.34134615384615385 0.25961538461538464
0 0.40865384615384615 0.1658653846153846 0.3004807692307692 0.25
0 0.41586538461538464 0.3798076923076923 0.28125 0.21875
0 0.4206730769230769 0.5985576923076923 0.27884615384615385 0.23076923076923078
0 0.4254807692307692 0.8100961538461539 0.27403846153846156 0.23076923076923078
0 0.17067307692307693 0.20432692307692307 0.2091346153846154 0.20673076923076922
0 0.18269230769230768 0.3894230769230769 0.23076923076923078 0.19471153846153846
0 0.18509615384615385 0.5841346153846154 0.23557692307692307 0.19951923076923078
0 0.1971153846153846 0.7716346153846154 0.22355769230769232 0.19951923076923078