0 0.9713541666666666 0.7587890625 0.9375 0.5458984375 0.9205729166666666 0.529296875 0.9075520833333334 0.525390625 0.8763020833333334 0.521484375 0.8177083333333334 0.5224609375 0.78515625 0.5234375 0.7591145833333334 0.529296875 0.7408854166666666 0.537109375 0.7291666666666666 0.5478515625 0.75 0.7861328125 0.7630208333333334 0.8115234375 0.78515625 0.8203125 0.9440104166666666 0.822265625 0.953125 0.8134765625 0.9609375 0.7880859375 0.96875 0.7802734375 0.9713541666666666 0.7587890625
0 0.7473958333333334 0.8369140625 0.7265625 0.5654296875 0.71484375 0.5546875 0.6888020833333334 0.546875 0.59375 0.5458984375 0.5325520833333334 0.5546875 0.5182291666666666 0.5634765625 0.515625 0.5693359375 0.515625 0.8310546875 0.5364583333333334 0.8564453125 0.5390625 0.8681640625 0.5559895833333334 0.876953125 0.6263020833333334 0.8828125 0.7174479166666666 0.880859375 0.7265625 0.8759765625 0.7291666666666666 0.8642578125 0.7473958333333334 0.8369140625
0 0.28125 0.5869140625 0.28125 0.5498046875 0.26953125 0.541015625 0.23567708333333334 0.53125 0.18359375 0.5234375 0.15104166666666666 0.5224609375 0.08984375 0.52734375 0.06770833333333333 0.5400390625 0.0625 0.5517578125 0.059895833333333336 0.5849609375 0.044270833333333336 0.6572265625 0.013020833333333334 0.7802734375 0.013020833333333334 0.7958984375 0.024739583333333332 0.826171875 0.11588541666666667 0.830078125 0.22786458333333334 0.828125 0.2526041666666667 0.7958984375 0.28125 0.5869140625
0 0.4830729166666667 0.529296875 0.44921875 0.51953125 0.3997395833333333 0.513671875 0.3619791666666667 0.5146484375 0.3111979166666667 0.51953125 0.2916666666666667 0.5302734375 0.2864583333333333 0.5400390625 0.2604166666666667 0.7802734375 0.2708333333333333 0.8056640625 0.2799479166666667 0.8125 0.3216145833333333 0.81640625 0.4622395833333333 0.818359375 0.4765625 0.8037109375 0.4895833333333333 0.7724609375 0.4947916666666667 0.5400390625 0.4830729166666667 0.529296875
0 0.9205729166666666 0.52734375 0.9322916666666666 0.5068359375 0.9322916666666666 0.4970703125 0.90625 0.3447265625 0.8958333333333334 0.3076171875 0.8815104166666666 0.291015625 0.8606770833333334 0.283203125 0.8372395833333334 0.279296875 0.8020833333333334 0.2802734375 0.7591145833333334 0.287109375 0.7278645833333334 0.302734375 0.7213541666666666 0.3095703125 0.71875 0.4267578125 0.7265625 0.5126953125 0.7317708333333334 0.5263671875 0.73828125 0.53125 0.7486979166666666 0.53125 0.7877604166666666 0.521484375 0.85546875 0.517578125 0.8841145833333334 0.51953125 0.9205729166666666 0.52734375
0 0.7109375 0.3427734375 0.7057291666666666 0.3330078125 0.703125 0.3056640625 0.6888020833333334 0.29296875 0.6575520833333334 0.28125 0.5911458333333334 0.2802734375 0.5481770833333334 0.291015625 0.5260416666666666 0.3076171875 0.5182291666666666 0.3212890625 0.5182291666666666 0.5361328125 0.5234375 0.5458984375 0.53515625 0.55078125 0.58984375 0.541015625 0.66796875 0.541015625 0.7122395833333334 0.546875 0.7239583333333334 0.5302734375 0.7239583333333334 0.4970703125 0.7109375 0.3427734375
0 0.4869791666666667 0.5009765625 0.4921875 0.4638671875 0.4921875 0.3720703125 0.4973958333333333 0.3369140625 0.4947916666666667 0.2939453125 0.4830729166666667 0.283203125 0.4466145833333333 0.267578125 0.4205729166666667 0.263671875 0.3828125 0.2646484375 0.3606770833333333 0.267578125 0.33203125 0.27734375 0.3151041666666667 0.2958984375 0.3072916666666667 0.3759765625 0.3072916666666667 0.4384765625 0.3020833333333333 0.4462890625 0.3072916666666667 0.5009765625 0.31640625 0.517578125 0.3450520833333333 0.513671875 0.4127604166666667 0.513671875 0.4752604166666667 0.5234375 0.4869791666666667 0.5009765625
0 0.12630208333333334 0.51953125 0.17057291666666666 0.51953125 0.22005208333333334 0.525390625 0.26953125 0.537109375 0.2838541666666667 0.5107421875 0.2890625 0.4150390625 0.2994791666666667 0.3876953125 0.3072916666666667 0.2958984375 0.2903645833333333 0.28125 0.2591145833333333 0.26953125 0.22265625 0.26171875 0.1796875 0.2607421875 0.14453125 0.267578125 0.12239583333333333 0.2841796875 0.11458333333333333 0.3056640625 0.11458333333333333 0.3330078125 0.10677083333333333 0.3427734375 0.1015625 0.3837890625 0.08333333333333333 0.4580078125 0.08333333333333333 0.4755859375 0.078125 0.4873046875 0.08072916666666667 0.5107421875 0.08723958333333333 0.525390625 0.12630208333333334 0.51953125
0 0.8880208333333334 0.2509765625 0.8802083333333334 0.2080078125 0.875 0.1181640625 0.86328125 0.10546875 0.8580729166666666 0.10546875 0.83203125 0.087890625 0.8111979166666666 0.083984375 0.78125 0.0849609375 0.7513020833333334 0.091796875 0.7057291666666666 0.1298828125 0.7057291666666666 0.2490234375 0.7109375 0.2841796875 0.72265625 0.30078125 0.76171875 0.28515625 0.7877604166666666 0.279296875 0.8346354166666666 0.27734375 0.88671875 0.2890625 0.8932291666666666 0.2783203125 0.8932291666666666 0.2587890625 0.8880208333333334 0.2509765625
0 0.6705729166666666 0.283203125 0.6940104166666666 0.29296875 0.703125 0.2880859375 0.7057291666666666 0.2587890625 0.6979166666666666 0.2158203125 0.6953125 0.1318359375 0.6875 0.0947265625 0.66796875 0.078125 0.6419270833333334 0.068359375 0.6236979166666666 0.064453125 0.5833333333333334 0.0654296875 0.54296875 0.08203125 0.5260416666666666 0.0966796875 0.5234375 0.1044921875 0.5182291666666666 0.1435546875 0.5182291666666666 0.2880859375 0.5234375 0.2978515625 0.5299479166666666 0.30078125 0.5455729166666666 0.291015625 0.57421875 0.28125 0.6002604166666666 0.27734375 0.6419270833333334 0.27734375 0.6705729166666666 0.283203125
0 0.5078125 0.2685546875 0.5130208333333334 0.1083984375 0.5026041666666666 0.0927734375 0.46484375 0.072265625 0.4361979166666667 0.06640625 0.4010416666666667 0.0673828125 0.3841145833333333 0.0703125 0.36328125 0.080078125 0.3463541666666667 0.0966796875 0.3229166666666667 0.2509765625 0.3255208333333333 0.2685546875 0.33203125 0.275390625 0.3372395833333333 0.275390625 0.3763020833333333 0.263671875 0.4231770833333333 0.263671875 0.4544270833333333 0.26953125 0.49609375 0.287109375 0.5078125 0.2685546875
0 0.3229166666666667 0.0927734375 0.30078125 0.076171875 0.2669270833333333 0.0625 0.22395833333333334 0.0595703125 0.19140625 0.06640625 0.16927083333333334 0.0830078125 0.13802083333333334 0.2119140625 0.13541666666666666 0.2568359375 0.14192708333333334 0.265625 0.17578125 0.259765625 0.22786458333333334 0.26171875 0.3059895833333333 0.283203125 0.3151041666666667 0.2744140625 0.3203125 0.2587890625 0.3359375 0.1181640625 0.3229166666666667 0.0927734375