0 0.15494791666666666 0.853515625 0.4388020833333333 0.828125 0.4609375 0.8154296875 0.4661458333333333 0.8056640625 0.4713541666666667 0.7822265625 0.4700520833333333 0.73828125 0.46875 0.7138671875 0.4609375 0.6943359375 0.4505208333333333 0.6806640625 0.4361979166666667 0.671875 0.11848958333333333 0.6875 0.08463541666666667 0.697265625 0.07291666666666667 0.7138671875 0.0703125 0.8330078125 0.08203125 0.83984375 0.11588541666666667 0.845703125 0.12630208333333334 0.8515625 0.15494791666666666 0.853515625
0 0 0.6700846346153846 0.014322916666666666 0.671875 0.05078125 0.685546875 0.4127604166666667 0.669921875 0.4270833333333333 0.6611328125 0.4375 0.6416015625 0.4388020833333333 0.5703125 0.4270833333333333 0.5244140625 0.4153645833333333 0.513671875 0.4075520833333333 0.51171875 0.05859375 0.51171875 0.024739583333333332 0.52734375 0.009114583333333334 0.529296875 0 0.5391710072115384 0 0.6700846346153846
0 0.3841145833333333 0.3359375 0.43359375 0.3359375 0.4453125 0.3271484375 0.4583333333333333 0.3017578125 0.46875 0.2626953125 0.4700520833333333 0.23828125 0.4635416666666667 0.1923828125 0.4466145833333333 0.17578125 0.4309895833333333 0.171875 0.38671875 0.169921875 0.2903645833333333 0.158203125 0.12630208333333334 0.134765625 0.10546875 0.134765625 0.06510416666666667 0.1435546875 0.059895833333333336 0.2119140625 0.0625 0.2958984375 0.10546875 0.314453125 0.3841145833333333 0.3359375
0 0.4609375 0.4873046875 0.4739583333333333 0.4619140625 0.4817708333333333 0.4248046875 0.48046875 0.396484375 0.4739583333333333 0.3583984375 0.4596354166666667 0.34375 0.4466145833333333 0.33984375 0.12630208333333334 0.3203125 0.09244791666666667 0.328125 0.08333333333333333 0.3349609375 0.078125 0.3662109375 0.07552083333333333 0.4716796875 0.09505208333333333 0.482421875 0.13671875 0.4921875 0.4466145833333333 0.49609375 0.4609375 0.4873046875
0 0.4635416666666667 0.8154296875 0.4908854166666667 0.82421875 0.50390625 0.82421875 0.70703125 0.8046875 0.7565104166666666 0.796875 0.7786458333333334 0.7861328125 0.7890625 0.7705078125 0.7942708333333334 0.7529296875 0.79296875 0.7265625 0.7838541666666666 0.6943359375 0.7630208333333334 0.6708984375 0.75390625 0.666015625 0.59765625 0.6640625 0.4830729166666667 0.669921875 0.46484375 0.673828125 0.4583333333333333 0.6787109375 0.4583333333333333 0.6865234375 0.4713541666666667 0.7158203125 0.4765625 0.7666015625 0.4739583333333333 0.7880859375 0.4635416666666667 0.8154296875
0 0.7096354166666666 0.658203125 0.72265625 0.654296875 0.7591145833333334 0.65234375 0.7760416666666666 0.6416015625 0.7916666666666666 0.6181640625 0.79296875 0.568359375 0.7786458333333334 0.5361328125 0.7565104166666666 0.51953125 0.73828125 0.513671875 0.4518229166666667 0.513671875 0.4388020833333333 0.517578125 0.4322916666666667 0.5263671875 0.4453125 0.5673828125 0.4453125 0.6259765625 0.4375 0.6591796875 0.4596354166666667 0.66796875 0.50390625 0.66796875 0.7096354166666666 0.658203125
0 0.4986979166666667 0.490234375 0.5481770833333334 0.494140625 0.6705729166666666 0.494140625 0.7174479166666666 0.498046875 0.7747395833333334 0.49609375 0.7890625 0.4873046875 0.8098958333333334 0.4599609375 0.8151041666666666 0.4404296875 0.8138020833333334 0.412109375 0.8098958333333334 0.3955078125 0.796875 0.3740234375 0.7721354166666666 0.361328125 0.6653645833333334 0.35546875 0.58203125 0.35546875 0.5716145833333334 0.3515625 0.4986979166666667 0.35546875 0.4765625 0.3623046875 0.4817708333333333 0.3837890625 0.4817708333333333 0.4345703125 0.46875 0.4814453125 0.4986979166666667 0.490234375
0 0.4739583333333333 0.2197265625 0.4739583333333333 0.2529296875 0.4661458333333333 0.2900390625 0.4505208333333333 0.3271484375 0.4856770833333333 0.337890625 0.61328125 0.341796875 0.6497395833333334 0.349609375 0.7721354166666666 0.35546875 0.7916666666666666 0.3427734375 0.8072916666666666 0.3193359375 0.8177083333333334 0.2919921875 0.8190104166666666 0.259765625 0.8098958333333334 0.2333984375 0.7877604166666666 0.216796875 0.7591145833333334 0.2109375 0.72265625 0.2109375 0.7096354166666666 0.205078125 0.6549479166666666 0.201171875 0.5559895833333334 0.1875 0.5325520833333334 0.1875 0.5169270833333334 0.18359375 0.4856770833333333 0.185546875 0.4661458333333333 0.1904296875 0.4739583333333333 0.2197265625
0 1 0.6586788870192308 0.9934895833333334 0.654296875 0.8346354166666666 0.654296875 0.7877604166666666 0.658203125 0.765625 0.6669921875 0.7864583333333334 0.6962890625 0.7942708333333334 0.7158203125 0.796875 0.7509765625 0.78125 0.7900390625 0.7955729166666666 0.794921875 0.8216145833333334 0.794921875 0.83203125 0.791015625 0.8893229166666666 0.78515625 1 0.7815472139423078 1 0.6586788870192308
0 1 0.51552734375 0.9752604166666666 0.513671875 0.7825520833333334 0.513671875 0.76953125 0.517578125 0.765625 0.5224609375 0.7786458333333334 0.5341796875 0.7916666666666666 0.5556640625 0.796875 0.5751953125 0.796875 0.6064453125 0.7890625 0.6279296875 0.7760416666666666 0.6455078125 0.7825520833333334 0.65234375 0.8216145833333334 0.654296875 0.87890625 0.6484375 0.9908854166666666 0.646484375 1 0.6454050168269231 1 0.51552734375
0 1 0.38153925961538465 0.83203125 0.3671875 0.80859375 0.369140625 0.7994791666666666 0.3740234375 0.7994791666666666 0.3779296875 0.8151041666666666 0.4072265625 0.8151041666666666 0.4423828125 0.8072916666666666 0.4658203125 0.7838541666666666 0.4970703125 0.80859375 0.505859375 1 0.5093607091346154 1 0.38153925961538465
0 1 0.2443181826923077 0.8841145833333334 0.228515625 0.82421875 0.2265625 0.8125 0.2314453125 0.8203125 0.2568359375 0.8177083333333334 0.2958984375 0.7890625 0.3544921875 0.80078125 0.361328125 0.8216145833333334 0.365234375 1 0.3763834639423077 1 0.2443181826923077