0 0.8450520833333334 0.146484375 0.5611979166666666 0.171875 0.5390625 0.1845703125 0.5338541666666666 0.1943359375 0.5286458333333334 0.2177734375 0.5299479166666666 0.26171875 0.53125 0.2861328125 0.5390625 0.3056640625 0.5494791666666666 0.3193359375 0.5638020833333334 0.328125 0.8815104166666666 0.3125 0.9153645833333334 0.302734375 0.9270833333333334 0.2861328125 0.9296875 0.1669921875 0.91796875 0.16015625 0.8841145833333334 0.154296875 0.8736979166666666 0.1484375 0.8450520833333334 0.146484375
0 1 0.32991536538461536 0.9856770833333334 0.328125 0.94921875 0.314453125 0.5872395833333334 0.330078125 0.5729166666666666 0.3388671875 0.5625 0.3583984375 0.5611979166666666 0.4296875 0.5729166666666666 0.4755859375 0.5846354166666666 0.486328125 0.5924479166666666 0.48828125 0.94140625 0.48828125 0.9752604166666666 0.47265625 0.9908854166666666 0.470703125 1 0.4608289927884615 1 0.32991536538461536
0 0.6158854166666666 0.6640625 0.56640625 0.6640625 0.5546875 0.6728515625 0.5416666666666666 0.6982421875 0.53125 0.7373046875 0.5299479166666666 0.76171875 0.5364583333333334 0.8076171875 0.5533854166666666 0.82421875 0.5690104166666666 0.828125 0.61328125 0.830078125 0.7096354166666666 0.841796875 0.8736979166666666 0.865234375 0.89453125 0.865234375 0.9348958333333334 0.8564453125 0.9401041666666666 0.7880859375 0.9375 0.7041015625 0.89453125 0.685546875 0.6158854166666666 0.6640625
0 0.5390625 0.5126953125 0.5260416666666666 0.5380859375 0.5182291666666666 0.5751953125 0.51953125 0.603515625 0.5260416666666666 0.6416015625 0.5403645833333334 0.65625 0.5533854166666666 0.66015625 0.8736979166666666 0.6796875 0.9075520833333334 0.671875 0.9166666666666666 0.6650390625 0.921875 0.6337890625 0.9244791666666666 0.5283203125 0.9049479166666666 0.517578125 0.86328125 0.5078125 0.5533854166666666 0.50390625 0.5390625 0.5126953125
0 0.5364583333333334 0.1845703125 0.5091145833333334 0.17578125 0.49609375 0.17578125 0.29296875 0.1953125 0.24348958333333334 0.203125 0.22135416666666666 0.2138671875 0.2109375 0.2294921875 0.20572916666666666 0.2470703125 0.20703125 0.2734375 0.21614583333333334 0.3056640625 0.23697916666666666 0.3291015625 0.24609375 0.333984375 0.40234375 0.3359375 0.5169270833333334 0.330078125 0.53515625 0.326171875 0.5416666666666666 0.3212890625 0.5416666666666666 0.3134765625 0.5286458333333334 0.2841796875 0.5234375 0.2333984375 0.5260416666666666 0.2119140625 0.5364583333333334 0.1845703125
0 0.2903645833333333 0.341796875 0.27734375 0.345703125 0.24088541666666666 0.34765625 0.22395833333333334 0.3583984375 0.20833333333333334 0.3818359375 0.20703125 0.431640625 0.22135416666666666 0.4638671875 0.24348958333333334 0.48046875 0.26171875 0.486328125 0.5481770833333334 0.486328125 0.5611979166666666 0.482421875 0.5677083333333334 0.4736328125 0.5546875 0.4326171875 0.5546875 0.3740234375 0.5625 0.3408203125 0.5403645833333334 0.33203125 0.49609375 0.33203125 0.2903645833333333 0.341796875
0 0.5013020833333334 0.509765625 0.4518229166666667 0.505859375 0.3294270833333333 0.505859375 0.2825520833333333 0.501953125 0.22526041666666666 0.50390625 0.2109375 0.5126953125 0.19010416666666666 0.5400390625 0.18489583333333334 0.5595703125 0.18619791666666666 0.587890625 0.19010416666666666 0.6044921875 0.203125 0.6259765625 0.22786458333333334 0.638671875 0.3346354166666667 0.64453125 0.41796875 0.64453125 0.4283854166666667 0.6484375 0.5013020833333334 0.64453125 0.5234375 0.6376953125 0.5182291666666666 0.6162109375 0.5182291666666666 0.5654296875 0.53125 0.5185546875 0.5013020833333334 0.509765625
0 0.5260416666666666 0.7802734375 0.5260416666666666 0.7470703125 0.5338541666666666 0.7099609375 0.5494791666666666 0.6728515625 0.5143229166666666 0.662109375 0.38671875 0.658203125 0.3502604166666667 0.650390625 0.22786458333333334 0.64453125 0.20833333333333334 0.6572265625 0.19270833333333334 0.6806640625 0.18229166666666666 0.7080078125 0.18098958333333334 0.740234375 0.19010416666666666 0.7666015625 0.21223958333333334 0.783203125 0.24088541666666666 0.7890625 0.27734375 0.7890625 0.2903645833333333 0.794921875 0.3450520833333333 0.798828125 0.4440104166666667 0.8125 0.4674479166666667 0.8125 0.4830729166666667 0.81640625 0.5143229166666666 0.814453125 0.5338541666666666 0.8095703125 0.5260416666666666 0.7802734375
0 0 0.3413211129807693 0.006510416666666667 0.345703125 0.16536458333333334 0.345703125 0.21223958333333334 0.341796875 0.234375 0.3330078125 0.21354166666666666 0.3037109375 0.20572916666666666 0.2841796875 0.203125 0.2490234375 0.21875 0.2099609375 0.20442708333333334 0.205078125 0.17838541666666666 0.205078125 0.16796875 0.208984375 0.11067708333333333 0.21484375 0 0.2184527860576923 0 0.3413211129807693
0 0 0.48447265625 0.024739583333333332 0.486328125 0.21744791666666666 0.486328125 0.23046875 0.482421875 0.234375 0.4775390625 0.22135416666666666 0.4658203125 0.20833333333333334 0.4443359375 0.203125 0.4248046875 0.203125 0.3935546875 0.2109375 0.3720703125 0.22395833333333334 0.3544921875 0.21744791666666666 0.34765625 0.17838541666666666 0.345703125 0.12109375 0.3515625 0.009114583333333334 0.353515625 0 0.3545949831730769 0 0.48447265625
0 0 0.6184607403846154 0.16796875 0.6328125 0.19140625 0.630859375 0.20052083333333334 0.6259765625 0.20052083333333334 0.6220703125 0.18489583333333334 0.5927734375 0.18489583333333334 0.5576171875 0.19270833333333334 0.5341796875 0.21614583333333334 0.5029296875 0.19140625 0.494140625 0 0.4906392908653846 0 0.6184607403846154
0 0 0.7556818173076922 0.11588541666666667 0.771484375 0.17578125 0.7734375 0.1875 0.7685546875 0.1796875 0.7431640625 0.18229166666666666 0.7041015625 0.2109375 0.6455078125 0.19921875 0.638671875 0.17838541666666666 0.634765625 0 0.6236165360576924 0 0.7556818173076922