0 0.0625 0.6442307692307693 0.125 0.21153846153846154
0 0.4375 0.7475961538461539 0.28846153846153844 0.15865384615384615
0 0.3942307692307692 0.6153846153846154 0.21875 0.10576923076923077
0 0.3918269230769231 0.4423076923076923 0.32211538461538464 0.2548076923076923
0 0.43990384615384615 0.21875 0.25721153846153844 0.2620192307692308
0 0.5144230769230769 0.052884615384615384 0.2548076923076923 0.10576923076923077
0 0.7692307692307693 0.08173076923076923 0.2956730769230769 0.16346153846153846
0 0.4855769230769231 0.7043269230769231 0.125 0.15865384615384615
0 0.5721153846153846 0.5625 0.1875 0.125
0 0.6129807692307693 0.4855769230769231 0.16826923076923078 0.1346153846153846
0 0.6370192307692307 0.30528846153846156 0.2091346153846154 0.11298076923076923
0 0.6730769230769231 0.19230769230769232 0.2668269230769231 0.19951923076923078
0 0.8341346153846154 0.24519230769230768 0.2091346153846154 0.16346153846153846
0 0.7403846153846154 0.39663461538461536 0.18269230769230768 0.14903846153846154
0 0.7379807692307693 0.5216346153846154 0.14182692307692307 0.12980769230769232
0 0.7596153846153846 0.6682692307692307 0.3125 0.3293269230769231
0 0.8028846153846154 0.7355769230769231 0.3076923076923077 0.31971153846153844