0 0.6418269230769231 0.23317307692307693 0.12980769230769232 0.1466346153846154
0 0.6009615384615384 0.36778846153846156 0.21634615384615385 0.09615384615384616
0 0.59375 0.5432692307692307 0.3173076923076923 0.24278846153846154
0 0.5384615384615384 0.7620192307692307 0.25240384615384615 0.25240384615384615
0 0.4519230769230769 0.9375 0.25240384615384615 0.125
0 0.19951923076923078 0.9038461538461539 0.29086538461538464 0.18990384615384615
0 0.4206730769230769 0.41346153846153844 0.18509615384615385 0.11778846153846154
0 0.375 0.49038461538461536 0.1658653846153846 0.12740384615384615
0 0.34375 0.6682692307692307 0.2091346153846154 0.10576923076923077
0 0.30288461538461536 0.7788461538461539 0.2620192307692308 0.18990384615384615
0 0.14182692307692307 0.71875 0.20432692307692307 0.15625
0 0.24278846153846154 0.5721153846153846 0.18028846153846154 0.14182692307692307
0 0.25240384615384615 0.44711538461538464 0.13701923076923078 0.125