0 0.35336538461538464 0.9326923076923077 0.20432692307692307 0.1346153846153846
0 0.23317307692307693 0.5528846153846154 0.1466346153846154 0.28365384615384615
0 0.36778846153846156 0.59375 0.09615384615384616 0.21394230769230768
0 0.5432692307692307 0.5889423076923077 0.24278846153846154 0.31490384615384615
0 0.7620192307692307 0.5336538461538461 0.25240384615384615 0.25
0 0.9375 0.4519230769230769 0.125 0.25
0 0.9038461538461539 0.19951923076923078 0.18990384615384615 0.28846153846153844
0 0.27403846153846156 0.5048076923076923 0.15625 0.1201923076923077
0 0.41346153846153844 0.41346153846153844 0.11778846153846154 0.18269230769230768
0 0.49038461538461536 0.36778846153846156 0.12740384615384615 0.16346153846153846
0 0.6682692307692307 0.3389423076923077 0.10576923076923077 0.20673076923076922
0 0.7788461538461539 0.3004807692307692 0.18990384615384615 0.25961538461538464
0 0.71875 0.13942307692307693 0.15625 0.20432692307692307
0 0.5721153846153846 0.23798076923076922 0.14182692307692307 0.1778846153846154
0 0.44711538461538464 0.24519230769230768 0.125 0.13701923076923078
0 0.3004807692307692 0.23076923076923078 0.3173076923076923 0.30288461538461536
0 0.23076923076923078 0.18990384615384615 0.3076923076923077 0.2956730769230769