0 0.16346153846153846 0.7860576923076923 0.16346153846153846 0.27884615384615385
0 0.47836538461538464 0.8341346153846154 0.14182692307692307 0.27163461538461536
0 0.33413461538461536 0.7644230769230769 0.22596153846153846 0.33413461538461536
0 0.8365384615384616 0.6177884615384616 0.19230769230769232 0.31490384615384615
0 0.7355769230769231 0.7379807692307693 0.20432692307692307 0.3269230769230769
0 0.59375 0.8076923076923077 0.20673076923076922 0.30288461538461536
0 0.9182692307692307 0.3701923076923077 0.1346153846153846 0.43990384615384615
0 0.8028846153846154 0.31971153846153844 0.14423076923076922 0.2956730769230769
0 0.6802884615384616 0.33413461538461536 0.16826923076923078 0.41586538461538464
0 0.47836538461538464 0.21875 0.23076923076923078 0.17067307692307693
0 0.2860576923076923 0.19951923076923078 0.16346153846153846 0.22596153846153846
0 0.08413461538461539 0.25721153846153844 0.16826923076923078 0.22596153846153846
0 0.057692307692307696 0.5168269230769231 0.11538461538461539 0.3317307692307692
0 0.5649038461538461 0.5673076923076923 0.1971153846153846 0.18509615384615385
0 0.5216346153846154 0.37740384615384615 0.1658653846153846 0.19951923076923078
0 0.41586538461538464 0.4831730769230769 0.17548076923076922 0.3076923076923077
0 0.29086538461538464 0.45913461538461536 0.19230769230769232 0.2980769230769231
0 0.16826923076923078 0.5024038461538461 0.18269230769230768 0.30288461538461536