0 0.7860576923076923 0.17067307692307693 0.27884615384615385 0.15384615384615385
0 0.8341346153846154 0.4831730769230769 0.27163461538461536 0.13221153846153846
0 0.7644230769230769 0.34134615384615385 0.33413461538461536 0.21394230769230768
0 0.6177884615384616 0.8509615384615384 0.31490384615384615 0.18269230769230768
0 0.7379807692307693 0.7451923076923077 0.3269230769230769 0.19471153846153846
0 0.8076923076923077 0.6009615384615384 0.30288461538461536 0.19471153846153846
0 0.3701923076923077 0.9399038461538461 0.43990384615384615 0.1201923076923077
0 0.31971153846153844 0.8269230769230769 0.2956730769230769 0.13221153846153846
0 0.33413461538461536 0.7043269230769231 0.41586538461538464 0.15384615384615385
0 0.21875 0.5048076923076923 0.17067307692307693 0.22355769230769232
0 0.19951923076923078 0.31490384615384615 0.22596153846153846 0.15625
0 0.25721153846153844 0.09615384615384616 0.22596153846153846 0.18990384615384615
0 0.5168269230769231 0.06490384615384616 0.3317307692307692 0.12740384615384615
0 0.5673076923076923 0.5793269230769231 0.18509615384615385 0.18990384615384615
0 0.37740384615384615 0.5432692307692307 0.19951923076923078 0.15865384615384615
0 0.4831730769230769 0.4326923076923077 0.3076923076923077 0.16346153846153846
0 0.45913461538461536 0.3076923076923077 0.2980769230769231 0.18269230769230768
0 0.5024038461538461 0.18509615384615385 0.30288461538461536 0.17307692307692307