0 0.21153846153846154 0.13942307692307693 0.28125 0.16346153846153846
0 0.15384615384615385 0.4495192307692308 0.2764423076923077 0.14423076923076922
0 0.2283653846153846 0.31009615384615385 0.3389423076923077 0.2283653846153846
0 0.3605769230769231 0.8269230769230769 0.31971153846153844 0.19471153846153846
0 0.24519230769230768 0.7163461538461539 0.3317307692307692 0.2091346153846154
0 0.1778846153846154 0.5697115384615384 0.3076923076923077 0.2091346153846154
0 0.6081730769230769 0.9254807692307693 0.44471153846153844 0.13701923076923078
0 0.6610576923076923 0.8125 0.2980769230769231 0.1466346153846154
0 0.6490384615384616 0.6899038461538461 0.4182692307692308 0.17067307692307693
0 0.7692307692307693 0.4951923076923077 0.17548076923076922 0.23076923076923078
0 0.7932692307692307 0.3076923076923077 0.2283653846153846 0.1658653846153846
0 0.7403846153846154 0.09375 0.23076923076923078 0.18509615384615385
0 0.4831730769230769 0.057692307692307696 0.33413461538461536 0.11298076923076923
0 0.4206730769230769 0.5576923076923077 0.18990384615384615 0.19951923076923078
0 0.6105769230769231 0.5264423076923077 0.20192307692307693 0.16826923076923078
0 0.5072115384615384 0.41346153846153844 0.31009615384615385 0.1778846153846154
0 0.5336538461538461 0.29086538461538464 0.30288461538461536 0.19471153846153846
0 0.49278846153846156 0.1658653846153846 0.3076923076923077 0.18509615384615385