0 0.21394230769230768 0.8293269230769231 0.27884615384615385 0.15384615384615385
0 0.1658653846153846 0.5168269230769231 0.27163461538461536 0.13221153846153846
0 0.23557692307692307 0.6586538461538461 0.33413461538461536 0.21394230769230768
0 0.38221153846153844 0.14903846153846154 0.31490384615384615 0.18269230769230768
0 0.2620192307692308 0.2548076923076923 0.3269230769230769 0.19471153846153846
0 0.19230769230769232 0.39903846153846156 0.30288461538461536 0.19471153846153846
0 0.6298076923076923 0.06009615384615385 0.43990384615384615 0.1201923076923077
0 0.6802884615384616 0.17307692307692307 0.2956730769230769 0.13221153846153846
0 0.6658653846153846 0.2956730769230769 0.41586538461538464 0.15384615384615385
0 0.78125 0.4951923076923077 0.17067307692307693 0.22355769230769232
0 0.8004807692307693 0.6850961538461539 0.22596153846153846 0.15625
0 0.7427884615384616 0.9038461538461539 0.22596153846153846 0.18990384615384615
0 0.4831730769230769 0.9350961538461539 0.3317307692307692 0.12740384615384615
0 0.4326923076923077 0.4206730769230769 0.18509615384615385 0.18990384615384615
0 0.6225961538461539 0.4567307692307692 0.19951923076923078 0.15865384615384615
0 0.5168269230769231 0.5673076923076923 0.3076923076923077 0.16346153846153846
0 0.5408653846153846 0.6923076923076923 0.2980769230769231 0.18269230769230768
0 0.49759615384615385 0.8149038461538461 0.30288461538461536 0.17307692307692307