0 0.7884615384615384 0.8605769230769231 0.28125 0.16346153846153846
0 0.8461538461538461 0.5504807692307693 0.2764423076923077 0.14423076923076922
0 0.7716346153846154 0.6899038461538461 0.3389423076923077 0.2283653846153846
0 0.6394230769230769 0.17307692307692307 0.31971153846153844 0.19471153846153846
0 0.7548076923076923 0.28365384615384615 0.3317307692307692 0.2091346153846154
0 0.8221153846153846 0.43028846153846156 0.3076923076923077 0.2091346153846154
0 0.3918269230769231 0.07451923076923077 0.44471153846153844 0.13701923076923078
0 0.3389423076923077 0.1875 0.2980769230769231 0.1466346153846154
0 0.35096153846153844 0.31009615384615385 0.4182692307692308 0.17067307692307693
0 0.23076923076923078 0.5048076923076923 0.17548076923076922 0.23076923076923078
0 0.20673076923076922 0.6923076923076923 0.2283653846153846 0.1658653846153846
0 0.25961538461538464 0.90625 0.23076923076923078 0.18509615384615385
0 0.5168269230769231 0.9423076923076923 0.33413461538461536 0.11298076923076923
0 0.5793269230769231 0.4423076923076923 0.18990384615384615 0.19951923076923078
0 0.3894230769230769 0.4735576923076923 0.20192307692307693 0.16826923076923078
0 0.49278846153846156 0.5865384615384616 0.31009615384615385 0.1778846153846154
0 0.46634615384615385 0.7091346153846154 0.30288461538461536 0.19471153846153846
0 0.5072115384615384 0.8341346153846154 0.3076923076923077 0.18509615384615385