2 0.7596153846153846 0.6923076923076923 0.055288461538461536 0.15384615384615385
2 0.625 0.5641025641025641 0.0985576923076923 0.43162393162393164
2 0.8413461538461539 0.5427350427350427 0.0985576923076923 0.452991452991453
0 0.4639423076923077 0.5128205128205128 0.06490384615384616 0.20512820512820512
0 0.5288461538461539 0.5085470085470085 0.06490384615384616 0.19658119658119658
2 0.6923076923076923 0.5042735042735043 0.12740384615384615 0.4700854700854701
2 0.7836538461538461 0.4829059829059829 0.15144230769230768 0.4658119658119658
0 0.23557692307692307 0.44017094017094016 0.09375 0.14102564102564102
0 0.1346153846153846 0.3974358974358974 0.10576923076923077 0.1452991452991453
0 0.20673076923076922 0.2692307692307692 0.11538461538461539 0.2863247863247863
0 0.10817307692307693 0.19658119658119658 0.16105769230769232 0.32051282051282054