0 0.7307692307692307 0.4182692307692308 0.20673076923076922 0.16346153846153846
0 0.7331730769230769 0.28125 0.21634615384615385 0.16105769230769232
0 0.71875 0.1658653846153846 0.22596153846153846 0.18509615384615385
0 0.5408653846153846 0.49759615384615385 0.2091346153846154 0.15625
0 0.5384615384615384 0.3485576923076923 0.20432692307692307 0.15384615384615385
0 0.5192307692307693 0.25 0.21634615384615385 0.10096153846153846
0 0.49278846153846156 0.13942307692307693 0.24519230769230768 0.18990384615384615
0 0.25961538461538464 0.8461538461538461 0.25240384615384615 0.18269230769230768
0 0.28125 0.6826923076923077 0.24519230769230768 0.16346153846153846
0 0.28365384615384615 0.5144230769230769 0.24519230769230768 0.16826923076923078
0 0.2644230769230769 0.13701923076923078 0.23798076923076922 0.1875
0 0.41586538461538464 0.5673076923076923 0.07451923076923077 0.14182692307692307
0 0.35096153846153844 0.4254807692307692 0.20192307692307693 0.14423076923076922
0 0.3389423076923077 0.31009615384615385 0.19471153846153846 0.10096153846153846
0 0.31971153846153844 0.2403846153846154 0.20673076923076922 0.08413461538461539