0 0.5817307692307693 0.7307692307692307 0.16346153846153846 0.20673076923076922
0 0.71875 0.7331730769230769 0.16105769230769232 0.21634615384615385
0 0.8341346153846154 0.71875 0.18509615384615385 0.22596153846153846
0 0.5024038461538461 0.5408653846153846 0.15625 0.2091346153846154
0 0.6514423076923077 0.5384615384615384 0.15384615384615385 0.20432692307692307
0 0.75 0.5192307692307693 0.10096153846153846 0.21634615384615385
0 0.8605769230769231 0.49278846153846156 0.18990384615384615 0.24519230769230768
0 0.15384615384615385 0.25961538461538464 0.18269230769230768 0.25240384615384615
0 0.3173076923076923 0.28125 0.16346153846153846 0.24519230769230768
0 0.4855769230769231 0.28365384615384615 0.16826923076923078 0.24519230769230768
0 0.8629807692307693 0.2644230769230769 0.1875 0.23798076923076922
0 0.4326923076923077 0.41586538461538464 0.14182692307692307 0.07451923076923077
0 0.5745192307692307 0.35096153846153844 0.14423076923076922 0.20192307692307693
0 0.6899038461538461 0.3389423076923077 0.10096153846153846 0.19471153846153846
0 0.7596153846153846 0.31971153846153844 0.08413461538461539 0.20673076923076922