0 0.6466346153846154 0.5649038461538461 0.2932692307692308 0.5841346153846154
0 0.4495192307692308 0.49278846153846156 0.21394230769230768 0.47596153846153844
0 0.25961538461538464 0.46875 0.2091346153846154 0.4543269230769231
0 0.12980769230769232 0.4326923076923077 0.19951923076923078 0.4230769230769231
0 0.7860576923076923 0.4951923076923077 0.24519230769230768 0.5
0 0.8894230769230769 0.4375 0.20432692307692307 0.41346153846153844
0 0.71875 0.2403846153846154 0.15144230769230768 0.057692307692307696
0 0.6105769230769231 0.25961538461538464 0.17307692307692307 0.07932692307692307
0 0.4110576923076923 0.24278846153846154 0.15865384615384615 0.04326923076923077
0 0.5240384615384616 0.22355769230769232 0.12740384615384615 0.04326923076923077
0 0.28365384615384615 0.23076923076923078 0.15625 0.052884615384615384