0 0.16346153846153846 0.2764423076923077 0.31009615384615385 0.1658653846153846
0 0.16105769230769232 0.5168269230769231 0.31490384615384615 0.16826923076923078
0 0.15625 0.7596153846153846 0.31009615384615385 0.16826923076923078
0 0.46634615384615385 0.18990384615384615 0.3125 0.15865384615384615
0 0.45913461538461536 0.35336538461538464 0.30528846153846156 0.15865384615384615
0 0.45913461538461536 0.5120192307692307 0.30288461538461536 0.16346153846153846
0 0.46153846153846156 0.6754807692307693 0.30528846153846156 0.15384615384615385
0 0.46153846153846156 0.8365384615384616 0.3076923076923077 0.16346153846153846
0 0.7716346153846154 0.11778846153846154 0.31009615384615385 0.17067307692307693
0 0.7668269230769231 0.2764423076923077 0.30288461538461536 0.15625
0 0.7716346153846154 0.43509615384615385 0.31490384615384615 0.16105769230769232
0 0.7716346153846154 0.5865384615384616 0.31971153846153844 0.15384615384615385
0 0.7788461538461539 0.7403846153846154 0.31971153846153844 0.15625
0 0.7740384615384616 0.9038461538461539 0.3245192307692308 0.16105769230769232