0 0.7307692307692307 0.84375 0.18028846153846154 0.3125
0 0.49038461538461536 0.8485576923076923 0.18269230769230768 0.30288461538461536
0 0.24759615384615385 0.8557692307692307 0.18269230769230768 0.2860576923076923
0 0.8317307692307693 0.5408653846153846 0.17307692307692307 0.3173076923076923
0 0.6682692307692307 0.5528846153846154 0.17548076923076922 0.3125
0 0.5096153846153846 0.5576923076923077 0.1778846153846154 0.31009615384615385
0 0.34615384615384615 0.5625 0.16826923076923078 0.31009615384615385
0 0.18509615384615385 0.5673076923076923 0.1778846153846154 0.31490384615384615
0 0.9134615384615384 0.23317307692307693 0.17307692307692307 0.31490384615384615
0 0.7596153846153846 0.2403846153846154 0.16826923076923078 0.3076923076923077
0 0.6009615384615384 0.24278846153846154 0.17548076923076922 0.31971153846153844
0 0.4495192307692308 0.25 0.16826923076923078 0.3269230769230769
0 0.2956730769230769 0.24759615384615385 0.17067307692307693 0.3245192307692308
0 0.13221153846153846 0.25721153846153844 0.17548076923076922 0.3293269230769231