0 0.84375 0.2692307692307692 0.3125 0.18028846153846154
0 0.8485576923076923 0.5096153846153846 0.30288461538461536 0.18269230769230768
0 0.8557692307692307 0.7524038461538461 0.2860576923076923 0.18269230769230768
0 0.5408653846153846 0.16826923076923078 0.3173076923076923 0.17307692307692307
0 0.5528846153846154 0.3317307692307692 0.3125 0.17548076923076922
0 0.5576923076923077 0.49038461538461536 0.31009615384615385 0.1778846153846154
0 0.5625 0.6538461538461539 0.31009615384615385 0.16826923076923078
0 0.5673076923076923 0.8149038461538461 0.31490384615384615 0.1778846153846154
0 0.23317307692307693 0.08653846153846154 0.31490384615384615 0.17307692307692307
0 0.2403846153846154 0.2403846153846154 0.3076923076923077 0.16826923076923078
0 0.24278846153846154 0.39903846153846156 0.31971153846153844 0.17548076923076922
0 0.25 0.5504807692307693 0.3269230769230769 0.16826923076923078
0 0.24759615384615385 0.7043269230769231 0.3245192307692308 0.17067307692307693
0 0.25721153846153844 0.8677884615384616 0.3293269230769231 0.17548076923076922