0 0.71875 0.8269230769230769 0.17548076923076922 0.31490384615384615
0 0.47836538461538464 0.8221153846153846 0.1778846153846154 0.31971153846153844
0 0.23557692307692307 0.8173076923076923 0.1778846153846154 0.31490384615384615
0 0.7956730769230769 0.5264423076923077 0.16826923076923078 0.3173076923076923
0 0.6322115384615384 0.5288461538461539 0.16826923076923078 0.3125
0 0.4735576923076923 0.5216346153846154 0.17307692307692307 0.31009615384615385
0 0.3125 0.5144230769230769 0.16346153846153846 0.31009615384615385
0 0.14903846153846154 0.5096153846153846 0.17307692307692307 0.31490384615384615
0 0.8605769230769231 0.22596153846153846 0.18028846153846154 0.31490384615384615
0 0.7019230769230769 0.22355769230769232 0.16346153846153846 0.3076923076923077
0 0.5432692307692307 0.21394230769230768 0.16826923076923078 0.31971153846153844
0 0.3894230769230769 0.2091346153846154 0.16346153846153846 0.3269230769230769
0 0.23557692307692307 0.1971153846153846 0.16346153846153846 0.3245192307692308
0 0.07932692307692307 0.19471153846153846 0.15865384615384615 0.3293269230769231