0 0.5649038461538461 0.35336538461538464 0.5841346153846154 0.2932692307692308
0 0.49278846153846156 0.5504807692307693 0.47596153846153844 0.21394230769230768
0 0.46875 0.7403846153846154 0.4543269230769231 0.2091346153846154
0 0.4326923076923077 0.8701923076923077 0.4230769230769231 0.19951923076923078
0 0.4951923076923077 0.21394230769230768 0.5 0.24519230769230768
0 0.4375 0.11057692307692307 0.41346153846153844 0.20432692307692307
0 0.2403846153846154 0.28125 0.057692307692307696 0.15144230769230768
0 0.25961538461538464 0.3894230769230769 0.07932692307692307 0.17307692307692307
0 0.24278846153846154 0.5889423076923077 0.04326923076923077 0.15865384615384615
0 0.22355769230769232 0.47596153846153844 0.04326923076923077 0.12740384615384615
0 0.23076923076923078 0.7163461538461539 0.052884615384615384 0.15625