2 0.43028846153846156 0.7067307692307693 0.12740384615384615 0.49759615384615385
2 0.2644230769230769 0.6947115384615384 0.1201923076923077 0.4543269230769231
2 0.11057692307692307 0.6850961538461539 0.12740384615384615 0.4326923076923077
2 0.25721153846153844 0.20673076923076922 0.12740384615384615 0.22596153846153846
2 0.7403846153846154 0.7211538461538461 0.10576923076923077 0.5240384615384616
2 0.41586538461538464 0.20432692307692307 0.14423076923076922 0.28846153846153844
2 0.7355769230769231 0.2283653846153846 0.11778846153846154 0.39903846153846156
2 0.5865384615384616 0.7139423076923077 0.11057692307692307 0.5120192307692307
2 0.8918269230769231 0.23798076923076922 0.09134615384615384 0.36778846153846156
2 0.5769230769230769 0.23076923076923078 0.13221153846153846 0.3557692307692308
2 0.10336538461538461 0.20432692307692307 0.14903846153846154 0.21394230769230768
2 0.4879807692307692 0.5096153846153846 0.9182692307692307 0.9639423076923077
2 0.8846153846153846 0.7235576923076923 0.10336538461538461 0.53125