2 0.7067307692307693 0.5697115384615384 0.49759615384615385 0.12740384615384615
2 0.6947115384615384 0.7355769230769231 0.4543269230769231 0.1201923076923077
2 0.6850961538461539 0.8894230769230769 0.4326923076923077 0.12740384615384615
2 0.20673076923076922 0.7427884615384616 0.22596153846153846 0.12740384615384615
2 0.7211538461538461 0.25961538461538464 0.5240384615384616 0.10576923076923077
2 0.20432692307692307 0.5841346153846154 0.28846153846153844 0.14423076923076922
2 0.2283653846153846 0.2644230769230769 0.39903846153846156 0.11778846153846154
2 0.7139423076923077 0.41346153846153844 0.5120192307692307 0.11057692307692307
2 0.23798076923076922 0.10817307692307693 0.36778846153846156 0.09134615384615384
2 0.23076923076923078 0.4230769230769231 0.3557692307692308 0.13221153846153846
2 0.20432692307692307 0.8966346153846154 0.21394230769230768 0.14903846153846154
2 0.5096153846153846 0.5120192307692307 0.9639423076923077 0.9182692307692307
2 0.7235576923076923 0.11538461538461539 0.53125 0.10336538461538461