2 0.2932692307692308 0.43028846153846156 0.49759615384615385 0.12740384615384615
2 0.30528846153846156 0.2644230769230769 0.4543269230769231 0.1201923076923077
2 0.31490384615384615 0.11057692307692307 0.4326923076923077 0.12740384615384615
2 0.7932692307692307 0.25721153846153844 0.22596153846153846 0.12740384615384615
2 0.27884615384615385 0.7403846153846154 0.5240384615384616 0.10576923076923077
2 0.7956730769230769 0.41586538461538464 0.28846153846153844 0.14423076923076922
2 0.7716346153846154 0.7355769230769231 0.39903846153846156 0.11778846153846154
2 0.2860576923076923 0.5865384615384616 0.5120192307692307 0.11057692307692307
2 0.7620192307692307 0.8918269230769231 0.36778846153846156 0.09134615384615384
2 0.7692307692307693 0.5769230769230769 0.3557692307692308 0.13221153846153846
2 0.7956730769230769 0.10336538461538461 0.21394230769230768 0.14903846153846154
2 0.49038461538461536 0.4879807692307692 0.9639423076923077 0.9182692307692307
2 0.2764423076923077 0.8846153846153846 0.53125 0.10336538461538461