1 0.8942307692307693 0.31850961538461536 0.21153846153846154 0.30528846153846156
1 0.9230769230769231 0.6129807692307693 0.15384615384615385 0.12980769230769232
1 0.9839743589743589 0.15384615384615385 0.03205128205128205 0.057692307692307696
1 0.969551282051282 0.8100961538461539 0.060897435897435896 0.09134615384615384
1 0.9150641025641025 0.7512019230769231 0.16987179487179488 0.14182692307692307
1 0.7147435897435898 0.375 0.1891025641025641 0.1778846153846154
1 0.4326923076923077 0.3125 0.2532051282051282 0.21394230769230768
1 0.25961538461538464 0.4014423076923077 0.2403846153846154 0.14423076923076922
1 0.041666666666666664 0.30649038461538464 0.08333333333333333 0.19471153846153846
2 0.4391025641025641 0.49278846153846156 0.26282051282051283 0.1971153846153846
1 0.967948717948718 0.6237980769230769 0.0641025641025641 0.07451923076923077
1 0.9935897435897436 0.8449519230769231 0.01282051282051282 0.026442307692307692