1 0.10416666666666667 0.6790865384615384 0.20833333333333334 0.30528846153846156
1 0.07692307692307693 0.3870192307692308 0.15384615384615385 0.12980769230769232
1 0.016025641025641024 0.8461538461538461 0.03205128205128205 0.057692307692307696
1 0.028846153846153848 0.18990384615384615 0.057692307692307696 0.09134615384615384
1 0.08333333333333333 0.24639423076923078 0.16666666666666666 0.14182692307692307
1 0.28525641025641024 0.625 0.1891025641025641 0.1778846153846154
1 0.5673076923076923 0.6875 0.2532051282051282 0.21394230769230768
1 0.7403846153846154 0.5985576923076923 0.2403846153846154 0.14423076923076922
1 0.9583333333333334 0.6911057692307693 0.08333333333333333 0.19471153846153846
2 0.5608974358974359 0.5072115384615384 0.26282051282051283 0.1971153846153846
1 0.03205128205128205 0.3737980769230769 0.0641025641025641 0.07451923076923077
1 0.00641025641025641 0.15264423076923078 0.01282051282051282 0.026442307692307692