1 0.53125 0.6826923076923077 0.1875 0.17307692307692307
1 0.7211538461538461 0.5288461538461539 0.22596153846153846 0.3557692307692308
1 0.5240384615384616 0.49038461538461536 0.22115384615384615 0.28525641025641024
1 0.5961538461538461 0.38461538461538464 0.10576923076923077 0.24358974358974358
1 0.3605769230769231 0.3685897435897436 0.07932692307692307 0.1346153846153846
1 0.2668269230769231 0.34294871794871795 0.13701923076923078 0.13141025641025642
1 0.4951923076923077 0.32371794871794873 0.07451923076923077 0.0641025641025641
1 0.6995192307692307 0.6987179487179487 0.04326923076923077 0.16346153846153846
1 0.7572115384615384 0.5512820512820513 0.08173076923076923 0.0641025641025641
1 0.5264423076923077 0.7532051282051282 0.040865384615384616 0.10576923076923077
1 0.5264423076923077 0.5641025641025641 0.21634615384615385 0.4230769230769231