1 0.11057692307692307 0.5853365384615384 0.22115384615384615 0.23317307692307693
1 0.41025641025641024 0.7235576923076923 0.7948717948717948 0.3004807692307692
2 0.5256410256410257 0.47115384615384615 0.2532051282051282 0.19230769230769232
1 0.10897435897435898 0.33653846153846156 0.17307692307692307 0.10336538461538461
1 0.052884615384615384 0.23677884615384615 0.10576923076923077 0.11778846153846154
1 0.09935897435897435 0.15865384615384615 0.1282051282051282 0.06490384615384616
1 0.15705128205128205 0.21634615384615385 0.1858974358974359 0.12740384615384615
1 0.3301282051282051 0.20673076923076922 0.060897435897435896 0.040865384615384616
1 0.907051282051282 0.6610576923076923 0.1858974358974359 0.17307692307692307
1 0.6858974358974359 0.5649038461538461 0.20512820512820512 0.11057692307692307
1 0.3557692307692308 0.7283653846153846 0.27564102564102566 0.22115384615384615
1 0.5160256410256411 0.6274038461538461 0.20192307692307693 0.16826923076923078
1 0.030448717948717948 0.7451923076923077 0.060897435897435896 0.09134615384615384
1 0.014423076923076924 0.19831730769230768 0.028846153846153848 0.06009615384615385
1 0.28205128205128205 0.22355769230769232 0.0673076923076923 0.0625