1 0.8197115384615384 0.5769230769230769 0.07932692307692307 0.8461538461538461
1 0.6298076923076923 0.5598290598290598 0.23317307692307693 0.7393162393162394
1 0.53125 0.4017094017094017 0.3942307692307692 0.5598290598290598
1 0.36778846153846156 0.4444444444444444 0.1971153846153846 0.8717948717948718
1 0.375 0.27350427350427353 0.3629807692307692 0.5470085470085471
1 0.7451923076923077 0.5384615384615384 0.19471153846153846 0.811965811965812
1 0.6899038461538461 0.5769230769230769 0.21875 0.782051282051282
1 0.34375 0.5683760683760684 0.34375 0.5427350427350427
1 0.38341346153846156 0.33547008547008544 0.3629807692307692 0.6709401709401709
1 0.5625 0.5213675213675214 0.19471153846153846 0.8632478632478633
1 0.75 0.4017094017094017 0.23557692307692307 0.7991452991452992