1 0.7371794871794872 0.71875 0.20512820512820512 0.25240384615384615
1 0.5384615384615384 0.71875 0.22756410256410256 0.12980769230769232
1 0.5641025641025641 0.6153846153846154 0.26282051282051283 0.20673076923076922
1 0.6506410256410257 0.5240384615384616 0.0641025641025641 0.038461538461538464
1 0.7435897435897436 0.5865384615384616 0.19230769230769232 0.12740384615384615
1 0.5288461538461539 0.46634615384615385 0.1282051282051282 0.08173076923076923
1 0.46474358974358976 0.4182692307692308 0.12179487179487179 0.09375
1 0.5641025641025641 0.6442307692307693 0.25 0.2620192307692308
1 0.7660256410256411 0.7644230769230769 0.060897435897435896 0.06971153846153846
1 0.6506410256410257 0.8125 0.04807692307692308 0.10817307692307693
1 0.5224358974358975 0.7427884615384616 0.028846153846153848 0.0625