1 0.6370192307692307 0.4583333333333333 0.12980769230769232 0.25
1 0.5216346153846154 0.20512820512820512 0.2668269230769231 0.30128205128205127
1 0.49278846153846156 0.46794871794871795 0.21394230769230768 0.2948717948717949
1 0.41346153846153844 0.3717948717948718 0.18269230769230768 0.14102564102564102
1 0.4014423076923077 0.6858974358974359 0.10096153846153846 0.10576923076923077
1 0.38221153846153844 0.8108974358974359 0.0985576923076923 0.18269230769230768
1 0.36778846153846156 0.5064102564102564 0.04807692307692308 0.09935897435897435
1 0.6490384615384616 0.23397435897435898 0.12259615384615384 0.057692307692307696
1 0.5384615384615384 0.15705128205128205 0.04807692307692308 0.10897435897435898
1 0.6899038461538461 0.46474358974358976 0.07932692307692307 0.05448717948717949
1 0.5480769230769231 0.46474358974358976 0.3173076923076923 0.28846153846153844