1 0.6153846153846154 0.8533653846153846 0.3108974358974359 0.29086538461538464
1 0.7980769230769231 0.5673076923076923 0.40064102564102566 0.5961538461538461
2 0.46153846153846156 0.4807692307692308 0.2564102564102564 0.18990384615384615
1 0.28205128205128205 0.7932692307692307 0.13782051282051283 0.12980769230769232
1 0.15064102564102563 0.8533653846153846 0.15705128205128205 0.11778846153846154
1 0.04487179487179487 0.8004807692307693 0.08653846153846154 0.09615384615384616
1 0.12179487179487179 0.7572115384615384 0.16987179487179488 0.13942307692307693
1 0.10897435897435898 0.6274038461538461 0.05448717948717949 0.04567307692307692
1 0.7147435897435898 0.18509615384615385 0.23076923076923078 0.15625
1 0.5865384615384616 0.3605769230769231 0.14743589743589744 0.15384615384615385
1 0.8044871794871795 0.6081730769230769 0.2948717948717949 0.20673076923076922
1 0.6698717948717948 0.4879807692307692 0.22435897435897437 0.15144230769230768
1 0.8269230769230769 0.8701923076923077 0.12179487179487179 0.08173076923076923
1 0.09935897435897435 0.8798076923076923 0.08012820512820513 0.055288461538461536
1 0.13141025641025642 0.6634615384615384 0.08333333333333333 0.05048076923076923