1 0.3629807692307692 0.5416666666666666 0.12980769230769232 0.25
1 0.47836538461538464 0.7948717948717948 0.2668269230769231 0.30128205128205127
1 0.5072115384615384 0.532051282051282 0.21394230769230768 0.2948717948717949
1 0.5865384615384616 0.6282051282051282 0.18269230769230768 0.14102564102564102
1 0.5985576923076923 0.3141025641025641 0.10096153846153846 0.10576923076923077
1 0.6177884615384616 0.1891025641025641 0.0985576923076923 0.18269230769230768
1 0.6322115384615384 0.4935897435897436 0.04807692307692308 0.09935897435897435
1 0.35096153846153844 0.7660256410256411 0.12259615384615384 0.057692307692307696
1 0.46153846153846156 0.842948717948718 0.04807692307692308 0.10897435897435898
1 0.31009615384615385 0.5352564102564102 0.07932692307692307 0.05448717948717949
1 0.4519230769230769 0.5352564102564102 0.3173076923076923 0.28846153846153844