1 0.6121794871794872 0.5528846153846154 0.41025641025641024 0.2644230769230769
1 0.483974358974359 0.2692307692307692 0.30448717948717946 0.29086538461538464
1 0.7211538461538461 0.5120192307692307 0.5544871794871795 0.32211538461538464
1 0.657051282051282 0.2692307692307692 0.27884615384615385 0.27884615384615385
1 0.8685897435897436 0.5576923076923077 0.16346153846153846 0.17548076923076922
1 0.6153846153846154 0.5600961538461539 0.09294871794871795 0.1658653846153846
1 0.47435897435897434 0.5096153846153846 0.2916666666666667 0.08173076923076923
1 0.42948717948717946 0.22115384615384615 0.10897435897435898 0.04326923076923077
1 0.8141025641025641 0.28125 0.07371794871794872 0.06009615384615385
1 0.7852564102564102 0.10817307692307693 0.1858974358974359 0.1466346153846154
1 0.8301282051282052 0.036057692307692304 0.21153846153846154 0.07211538461538461