0 0.17919799498746866 0.8521634615384616 0.3458646616541353 0.1658653846153846
0 0.16416040100250626 0.6814903846153846 0.3258145363408521 0.17307692307692307
0 0.16165413533834586 0.4987980769230769 0.3182957393483709 0.18269230769230768
0 0.16165413533834586 0.32572115384615385 0.2982456140350877 0.16105769230769232
0 0.16165413533834586 0.15504807692307693 0.2982456140350877 0.15625
0 0.474937343358396 0.14783653846153846 0.3082706766917293 0.16105769230769232
0 0.4849624060150376 0.32572115384615385 0.3358395989974937 0.16826923076923078
0 0.4824561403508772 0.4963942307692308 0.3032581453634085 0.16826923076923078
0 0.474937343358396 0.6790865384615384 0.3082706766917293 0.17307692307692307
0 0.4899749373433584 0.8545673076923077 0.2957393483709273 0.16826923076923078
0 0.7982456140350878 0.13822115384615385 0.3258145363408521 0.16826923076923078
0 0.8208020050125313 0.31850961538461536 0.3258145363408521 0.1778846153846154
0 0.8132832080200502 0.4963942307692308 0.3408521303258145 0.16826923076923078
0 0.7907268170426065 0.6694711538461539 0.3132832080200501 0.1658653846153846
0 0.8107769423558897 0.8473557692307693 0.3208020050125313 0.1778846153846154