0 0.5264423076923077 0.4495192307692308 0.15865384615384615 0.11538461538461539
0 0.49759615384615385 0.25961538461538464 0.09134615384615384 0.14423076923076922
0 0.44711538461538464 0.7283653846153846 0.21875 0.11057692307692307
0 0.4230769230769231 0.3629807692307692 0.12980769230769232 0.09375
0 0.41586538461538464 0.2620192307692308 0.09615384615384616 0.13221153846153846
0 0.2932692307692308 0.24278846153846154 0.14903846153846154 0.06971153846153846
0 0.2932692307692308 0.14423076923076922 0.2620192307692308 0.13942307692307693
0 0.28846153846153844 0.6490384615384616 0.10096153846153846 0.1658653846153846
0 0.2548076923076923 0.37259615384615385 0.1346153846153846 0.10817307692307693
0 0.16346153846153846 0.6370192307692307 0.15384615384615385 0.06971153846153846
0 0.16105769230769232 0.21875 0.15865384615384615 0.16105769230769232
0 0.1466346153846154 0.38461538461538464 0.13701923076923078 0.20673076923076922
0 0.1466346153846154 0.5360576923076923 0.28846153846153844 0.13221153846153846
0 0.09134615384615384 0.25961538461538464 0.18269230769230768 0.15144230769230768
0 0.0673076923076923 0.39663461538461536 0.1346153846153846 0.24519230769230768
0 0.7692307692307693 0.25961538461538464 0.0985576923076923 0.07692307692307693