0 0.8208020050125313 0.14783653846153846 0.3458646616541353 0.1658653846153846
0 0.8358395989974937 0.31850961538461536 0.3258145363408521 0.17307692307692307
0 0.8383458646616542 0.5012019230769231 0.3182957393483709 0.18269230769230768
0 0.8383458646616542 0.6742788461538461 0.2982456140350877 0.16105769230769232
0 0.8383458646616542 0.8449519230769231 0.2982456140350877 0.15625
0 0.525062656641604 0.8521634615384616 0.3082706766917293 0.16105769230769232
0 0.5150375939849624 0.6742788461538461 0.3358395989974937 0.16826923076923078
0 0.5175438596491229 0.5036057692307693 0.3032581453634085 0.16826923076923078
0 0.525062656641604 0.32091346153846156 0.3082706766917293 0.17307692307692307
0 0.5100250626566416 0.14543269230769232 0.2957393483709273 0.16826923076923078
0 0.20175438596491227 0.8617788461538461 0.3258145363408521 0.16826923076923078
0 0.17919799498746866 0.6814903846153846 0.3258145363408521 0.1778846153846154
0 0.18671679197994986 0.5036057692307693 0.3408521303258145 0.16826923076923078
0 0.20927318295739347 0.33052884615384615 0.3132832080200501 0.1658653846153846
0 0.18922305764411027 0.15264423076923078 0.3208020050125313 0.1778846153846154