0 0.53125 0.6129807692307693 0.18990384615384615 0.40865384615384615
0 0.5192307692307693 0.3076923076923077 0.21634615384615385 0.4567307692307692
0 0.46634615384615385 0.8076923076923077 0.18269230769230768 0.38461538461538464
0 0.4543269230769231 0.05048076923076923 0.28846153846153844 0.10096153846153846
0 0.41346153846153844 0.4110576923076923 0.1466346153846154 0.3173076923076923
0 0.31009615384615385 0.6610576923076923 0.15144230769230768 0.4567307692307692
0 0.30288461538461536 0.2644230769230769 0.20673076923076922 0.3870192307692308
0 0.9230769230769231 0.4735576923076923 0.15144230769230768 0.375
0 0.22596153846153846 0.17067307692307693 0.23798076923076922 0.34134615384615385
0 0.19230769230769232 0.8004807692307693 0.13701923076923078 0.24278846153846154
0 0.18028846153846154 0.5817307692307693 0.13221153846153846 0.31009615384615385
0 0.12259615384615384 0.6274038461538461 0.11057692307692307 0.3701923076923077
0 0.11057692307692307 0.27163461538461536 0.15144230769230768 0.46153846153846156
0 0.8966346153846154 0.13942307692307693 0.20432692307692307 0.2764423076923077
0 0.8942307692307693 0.8293269230769231 0.17067307692307693 0.31490384615384615
0 0.75 0.3557692307692308 0.2548076923076923 0.4014423076923077
0 0.7115384615384616 0.6105769230769231 0.21153846153846154 0.36538461538461536
0 0.6995192307692307 0.8533653846153846 0.29086538461538464 0.29086538461538464
0 0.6466346153846154 0.16346153846153846 0.23798076923076922 0.3245192307692308