0 0.4735576923076923 0.5504807692307693 0.15865384615384615 0.11538461538461539
0 0.5024038461538461 0.7403846153846154 0.09134615384615384 0.14423076923076922
0 0.5528846153846154 0.27163461538461536 0.21875 0.11057692307692307
0 0.5769230769230769 0.6370192307692307 0.12980769230769232 0.09375
0 0.5841346153846154 0.7379807692307693 0.09615384615384616 0.13221153846153846
0 0.7067307692307693 0.7572115384615384 0.14903846153846154 0.06971153846153846
0 0.7067307692307693 0.8557692307692307 0.2620192307692308 0.13942307692307693
0 0.7115384615384616 0.35096153846153844 0.10096153846153846 0.1658653846153846
0 0.7451923076923077 0.6274038461538461 0.1346153846153846 0.10817307692307693
0 0.8365384615384616 0.3629807692307692 0.15384615384615385 0.06971153846153846
0 0.8389423076923077 0.78125 0.15865384615384615 0.16105769230769232
0 0.8533653846153846 0.6153846153846154 0.13701923076923078 0.20673076923076922
0 0.8533653846153846 0.4639423076923077 0.28846153846153844 0.13221153846153846
0 0.9086538461538461 0.7403846153846154 0.18269230769230768 0.15144230769230768
0 0.9326923076923077 0.6033653846153846 0.1346153846153846 0.24519230769230768
0 0.23076923076923078 0.7403846153846154 0.0985576923076923 0.07692307692307693