0 0.8671679197994987 0.8076923076923077 0.17293233082706766 0.3317307692307692
0 0.6892230576441103 0.8221153846153846 0.18045112781954886 0.3125
0 0.49874686716791977 0.8245192307692307 0.19047619047619047 0.30528846153846156
0 0.3182957393483709 0.8245192307692307 0.16791979949874686 0.2860576923076923
0 0.14035087719298245 0.8245192307692307 0.16290726817042606 0.2860576923076923
0 0.13283208020050125 0.5240384615384616 0.16791979949874686 0.2956730769230769
0 0.3182957393483709 0.5144230769230769 0.17543859649122806 0.32211538461538464
0 0.49624060150375937 0.5168269230769231 0.17543859649122806 0.29086538461538464
0 0.6867167919799498 0.5240384615384616 0.18045112781954886 0.2956730769230769
0 0.8696741854636592 0.5096153846153846 0.17543859649122806 0.28365384615384615
0 0.12280701754385964 0.21394230769230768 0.17543859649122806 0.3125
0 0.3107769423558897 0.19230769230769232 0.18546365914786966 0.3125
0 0.49624060150375937 0.19951923076923078 0.17543859649122806 0.3269230769230769
0 0.6766917293233082 0.22115384615384615 0.17293233082706766 0.3004807692307692
0 0.8621553884711779 0.20192307692307693 0.18546365914786966 0.3076923076923077