0 0.35336538461538464 0.17028985507246377 0.5 0.3333333333333333
0 0.8028846153846154 0.14855072463768115 0.3942307692307692 0.2898550724637681
0 0.6418269230769231 0.3079710144927536 0.44711538461538464 0.5398550724637681
0 0.22596153846153846 0.34057971014492755 0.41346153846153844 0.5072463768115942
0 0.052884615384615384 0.18478260869565216 0.09615384615384616 0.358695652173913
0 0.9302884615384616 0.37681159420289856 0.13701923076923078 0.2608695652173913
0 0.8509615384615384 0.5253623188405797 0.2980769230769231 0.38768115942028986
0 0.5096153846153846 0.5543478260869565 0.37740384615384615 0.42028985507246375
0 0.1658653846153846 0.6014492753623188 0.32211538461538464 0.36594202898550726
0 0.10576923076923077 0.8333333333333334 0.20192307692307693 0.18840579710144928
0 0.375 0.7572463768115942 0.3125 0.3115942028985507
0 0.7211538461538461 0.7463768115942029 0.33413461538461536 0.30434782608695654
0 0.9447115384615384 0.782608695652174 0.11057692307692307 0.14492753623188406