2 0.7067307692307693 0.7788461538461539 0.33413461538461536 0.1282051282051282
2 0.71875 0.657051282051282 0.3125 0.13141025641025642
2 0.71875 0.5096153846153846 0.3125 0.14102564102564102
2 0.71875 0.375 0.3125 0.15384615384615385
2 0.7211538461538461 0.18269230769230768 0.30528846153846156 0.1987179487179487
2 0.2764423076923077 0.7756410256410257 0.29086538461538464 0.10576923076923077
2 0.2644230769230769 0.6730769230769231 0.2764423076923077 0.1346153846153846
2 0.2692307692307692 0.5608974358974359 0.2860576923076923 0.09615384615384616
2 0.2764423076923077 0.44871794871794873 0.2980769230769231 0.125
2 0.27163461538461536 0.3301282051282051 0.2932692307692308 0.12179487179487179
2 0.2692307692307692 0.20512820512820512 0.2860576923076923 0.16346153846153846