2 0.7283653846153846 0.22756410256410256 0.21634615384615385 0.07371794871794872
2 0.7283653846153846 0.30448717948717946 0.23798076923076922 0.08012820512820513
2 0.7307692307692307 0.38461538461538464 0.2283653846153846 0.08012820512820513
2 0.7307692307692307 0.46474358974358976 0.24759615384615385 0.09935897435897435
2 0.7475961538461539 0.5544871794871795 0.2548076923076923 0.11217948717948718
2 0.7403846153846154 0.6730769230769231 0.2668269230769231 0.11538461538461539
2 0.3485576923076923 0.2916666666666667 0.38221153846153844 0.11858974358974358
2 0.3293269230769231 0.3974358974358974 0.37740384615384615 0.1282051282051282
2 0.29086538461538464 0.5064102564102564 0.3293269230769231 0.16346153846153846
2 0.2860576923076923 0.6282051282051282 0.32211538461538464 0.15705128205128205
2 0.28125 0.7788461538461539 0.31009615384615385 0.14743589743589744