2 0.7043269230769231 0.8044871794871795 0.055288461538461536 0.28846153846153844
2 0.6466346153846154 0.8044871794871795 0.06009615384615385 0.3173076923076923
2 0.5865384615384616 0.8076923076923077 0.06009615384615385 0.30448717948717946
2 0.5264423076923077 0.8076923076923077 0.07451923076923077 0.3301282051282051
2 0.45913461538461536 0.8301282051282052 0.08413461538461539 0.33974358974358976
2 0.3701923076923077 0.8205128205128205 0.08653846153846154 0.3557692307692308
2 0.65625 0.2980769230769231 0.0889423076923077 0.5096153846153846
2 0.5769230769230769 0.2724358974358974 0.09615384615384616 0.5032051282051282
2 0.4951923076923077 0.22115384615384615 0.12259615384615384 0.4391025641025641
2 0.40384615384615385 0.21474358974358973 0.11778846153846154 0.42948717948717946
2 0.29086538461538464 0.20833333333333334 0.11057692307692307 0.41346153846153844