2 0.27163461538461536 0.7724358974358975 0.21634615384615385 0.07371794871794872
2 0.27163461538461536 0.6955128205128205 0.23798076923076922 0.08012820512820513
2 0.2692307692307692 0.6153846153846154 0.2283653846153846 0.08012820512820513
2 0.2692307692307692 0.5352564102564102 0.24759615384615385 0.09935897435897435
2 0.25240384615384615 0.44551282051282054 0.2548076923076923 0.11217948717948718
2 0.25961538461538464 0.3269230769230769 0.2668269230769231 0.11538461538461539
2 0.6514423076923077 0.7083333333333334 0.38221153846153844 0.11858974358974358
2 0.6706730769230769 0.6025641025641025 0.37740384615384615 0.1282051282051282
2 0.7091346153846154 0.4935897435897436 0.3293269230769231 0.16346153846153846
2 0.7139423076923077 0.3717948717948718 0.32211538461538464 0.15705128205128205
2 0.71875 0.22115384615384615 0.31009615384615385 0.14743589743589744