2 0.6670673076923077 0.4540983606557377 0.12980769230769232 0.09180327868852459
2 0.5829326923076923 0.7163934426229508 0.17067307692307693 0.08196721311475409
2 0.6334134615384616 0.9163934426229509 0.1466346153846154 0.16721311475409836
2 0.2668269230769231 0.8819672131147541 0.04807692307692308 0.2360655737704918
2 0.3233173076923077 0.07049180327868852 0.0889423076923077 0.14098360655737704
2 0.6286057692307693 0.11311475409836065 0.15625 0.18032786885245902
2 0.453125 0.5819672131147541 0.16346153846153846 0.1180327868852459
2 0.2776442307692308 0.37540983606557377 0.06009615384615385 0.22950819672131148
2 0.32091346153846156 0.660655737704918 0.13221153846153846 0.10819672131147541
2 0.46634615384615385 0.029508196721311476 0.125 0.05901639344262295
2 0.453125 0.260655737704918 0.09134615384615384 0.20327868852459016