2 0.46634615384615385 0.2721311475409836 0.0673076923076923 0.17704918032786884
2 0.6586538461538461 0.38688524590163936 0.06009615384615385 0.23278688524590163
2 0.8076923076923077 0.3180327868852459 0.125 0.2
2 0.7860576923076923 0.8163934426229508 0.18509615384615385 0.06557377049180328
2 0.15384615384615385 0.740983606557377 0.1658653846153846 0.12131147540983607
2 0.21634615384615385 0.32459016393442625 0.13221153846153846 0.21311475409836064
2 0.5600961538461539 0.5639344262295082 0.08653846153846154 0.22295081967213115
2 0.40865384615384615 0.8032786885245902 0.16826923076923078 0.08196721311475409
2 0.6177884615384616 0.7442622950819672 0.07932692307692307 0.18032786885245902
2 0.04326923076923077 0.1377049180327869 0.08653846153846154 0.12786885245901639
2 0.14903846153846154 0.5442622950819672 0.057692307692307696 0.17049180327868851
2 0.3245192307692308 0.5639344262295082 0.14903846153846154 0.12459016393442623
2 0.07211538461538461 0.9377049180327869 0.14182692307692307 0.10491803278688525