2 0.6875 0.779783393501805 0.18990384615384615 0.36462093862815886
2 0.5240384615384616 0.6606498194945848 0.1875 0.2563176895306859
2 0.8004807692307693 0.6570397111913358 0.12980769230769232 0.47653429602888087
2 0.9278846153846154 0.6137184115523465 0.13701923076923078 0.4043321299638989
2 0.25240384615384615 0.6028880866425993 0.16826923076923078 0.4043321299638989
2 0.6538461538461539 0.51985559566787 0.1971153846153846 0.24548736462093862
2 0.11778846153846154 0.2779783393501805 0.15865384615384615 0.2888086642599278
2 0.3798076923076923 0.24187725631768953 0.22596153846153846 0.38267148014440433
2 0.8149038461538461 0.9169675090252708 0.2283653846153846 0.1624548736462094
2 0.5673076923076923 0.15162454873646208 0.14423076923076922 0.24187725631768953
2 0.78125 0.13357400722021662 0.24278846153846154 0.26714801444043323
2 0.4639423076923077 0.0631768953068592 0.2548076923076923 0.1263537906137184