2 0.0889423076923077 0.28365384615384615 0.15865384615384615 0.5625
2 0.23557692307692307 0.30288461538461536 0.13221153846153846 0.6057692307692307
2 0.3605769230769231 0.32211538461538464 0.11057692307692307 0.5961538461538461
2 0.4639423076923077 0.375 0.0985576923076923 0.5240384615384616
2 0.5552884615384616 0.42788461538461536 0.07932692307692307 0.4519230769230769
2 0.6274038461538461 0.4567307692307692 0.08653846153846154 0.40865384615384615
2 0.6971153846153846 0.4951923076923077 0.07211538461538461 0.36538461538461536
2 0.75 0.5192307692307693 0.06490384615384616 0.3317307692307692
2 0.7908653846153846 0.5384615384615384 0.057692307692307696 0.30288461538461536
2 0.8293269230769231 0.5528846153846154 0.055288461538461536 0.28365384615384615
2 0.8581730769230769 0.5673076923076923 0.04807692307692308 0.27403846153846156